5.307806588666812786e+03 5.281917644733543057e+03
5.345039768545733750e+03 5.301679363281373298e+03
5.364247433326518149e+03 5.332935675112333229e+03
5.388491284185271070e+03 5.351563479139885203e+03
5.405542879158958385e+03 5.352079679932798172e+03
5.421698865959189789e+03 5.375737421292902582e+03
5.441471574477247486e+03 5.385384659880768595e+03
5.477872067749238340e+03 5.399278819805382227e+03
5.494759518286460661e+03 5.414870241611770325e+03
5.526493711624199932e+03 5.443583244007408211e+03
5.544425720269733574e+03 5.460286022903572302e+03
5.564615259971120395e+03 5.498051723922282690e+03
5.592652552643077797e+03 5.518223429836361902e+03
5.605537823498976650e+03 5.566490913541842019e+03
5.640152246020821622e+03 5.577355577064692625e+03
5.679693472805316560e+03 5.651357558866962790e+03
5.721497122674307320e+03 5.689178728665690869e+03
5.767771027455455624e+03 5.725040624266141094e+03
5.822334119502804242e+03 5.774885636358143529e+03
5.820562812121352181e+03 5.835314607875188813e+03
5.854201183840632439e+03 5.896817223013436887e+03
5.994244538164697587e+03 5.964436165102117229e+03
5.309583075009035383e+03 5.282271436441016704e+03
5.327223938494994400e+03 5.306296326994307492e+03
5.358326560863997656e+03 5.332872130137679051e+03
5.382219529586769568e+03 5.352610617230996468e+03
5.393949740812531672e+03 5.356056092861663274e+03
5.400515698578440606e+03 5.373907066807832962e+03
5.419418901608828492e+03 5.383401854143387027e+03
5.439563119377364274e+03 5.399318900769430911e+03
5.452314663782995922e+03 5.406811660560138989e+03
5.471335452733241254e+03 5.433514646876199549e+03
5.491975900026656745e+03 5.451694289034687245e+03
5.507962268023107754e+03 5.481115946359204827e+03
5.525220931134161219e+03 5.495470723125719815e+03
5.549425248919869773e+03 5.522727133413478441e+03
5.572170515770580096e+03 5.569360151147731813e+03
5.598440768414344348e+03 5.598257986650249222e+03
5.631474645214519114e+03 5.629491191626468208e+03
5.671189260871542501e+03 5.663886716003500624e+03
5.733240729791024933e+03 5.717029310558835277e+03
5.784539756585203577e+03 5.759629754780995427e+03
5.817564411115599796e+03 5.811531905497831758e+03
5.922875843618297949e+03 5.878608560068532825e+03
5.277885144592362849e+03 5.275517384353026500e+03
5.307022837719155177e+03 5.304579408013156353e+03
5.327850785744400127e+03 5.322539050346455042e+03
5.358701477463775518e+03 5.348129832723769141e+03
5.364877361376547924e+03 5.355049501868130392e+03
5.372143990649943589e+03 5.364513882368240957e+03
5.388729140940544312e+03 5.381642270555381401e+03
5.412195628180204949e+03 5.397256755674254237e+03
5.421539737778150084e+03 5.398595077919599134e+03
5.432225381419974838e+03 5.424921170461988368e+03
5.449289915088653288e+03 5.445383688925223396e+03
5.464993954885301719e+03 5.456202755652397173e+03
5.475562310907620486e+03 5.480562312420217495e+03
5.497315017731736589e+03 5.492268697265099036e+03
5.510837350447050994e+03 5.529934154195725569e+03
5.538619438255638670e+03 5.551685150886107294e+03
5.573550220410539623e+03 5.579330680968327215e+03
5.605999022808129666e+03 5.610586219592092675e+03
5.651538361809216440e+03 5.648243669864168623e+03
5.705726310598001874e+03 5.697792363471919089e+03
5.782237960330414353e+03 5.745374284335121047e+03
5.860838224578998052e+03 5.804894119738019072e+03
5.267959270462630229e+03 5.284358068990975880e+03
5.280830117074337977e+03 5.301632525850282036e+03
5.300704739758626602e+03 5.322904596274750475e+03
5.312708554903048935e+03 5.344391168206697330e+03
5.335870414936787711e+03 5.353366100719158567e+03
5.356332941741336981e+03 5.359739033554942580e+03
5.374334112891219775e+03 5.374741579567302324e+03
5.389355553415474787e+03 5.393855639241430254e+03
5.401102640443787095e+03 5.414185200449570402e+03
5.416436359229521258e+03 5.421586112788296305e+03
5.424274741987589550e+03 5.426097388937274445e+03
5.433703971789069328e+03 5.443001911630808536e+03
5.444178201026145871e+03 5.462646587140145130e+03
5.463965689348469823e+03 5.479276316331743146e+03
5.476850474153574396e+03 5.499425353601494862e+03
5.499323206688442951e+03 5.516978442552644992e+03
5.532029881881477195e+03 5.538251833371359680e+03
5.568117670736917717e+03 5.570292198626011668e+03
5.608360979065218999e+03 5.598867384055592993e+03
5.656633715798365301e+03 5.637530023107974557e+03
5.730284109889544197e+03 5.684006875838618726e+03
5.781773126438318286e+03 5.731578827390359947e+03
5.243781619506778952e+03 5.291105602889254442e+03
5.262894569662033973e+03 5.303678284524572518e+03
5.290317655655439012e+03 5.318713489513640525e+03
5.307451058460879722e+03 5.341555969464283407e+03
5.329829366148482222e+03 5.347446696930237522e+03
5.351268411753075270e+03 5.361288630277345874e+03
5.352405573378075132e+03 5.379004025638931125e+03
5.373998582318172339e+03 5.388670028000993625e+03
5.391054778101381089e+03 5.403172310151966485e+03
5.402338721737168271e+03 5.414950886110955253e+03
5.415932808760338048e+03 5.423566343438786134e+03
5.415516429562549092e+03 5.439476338211528855e+03
5.423992145165193506e+03 5.447854454246880778e+03
5.433093379097509569e+03 5.463272747465483917e+03
5.445570621318824124e+03 5.480423591897917504e+03
5.469730116275443834e+03 5.501117325669831189e+03
5.498298423899548652e+03 5.516984190585095348e+03
5.530942266357306835e+03 5.540184110278947628e+03
5.567081560597027419e+03 5.565170036163035547e+03
5.615851730435466379e+03 5.593022383497067494e+03
5.687430590440839296e+03 5.632108438568953716e+03
5.770576399137877161e+03 5.681919282131930231e+03
5.248401379345741589e+03 5.283223462874719189e+03
5.249078110293987265e+03 5.292006973909339649e+03
5.279853787075631772e+03 5.311484513659654112e+03
5.299411473940965152e+03 5.339600302764729349e+03
5.310780102375403658e+03 5.343599966066254638e+03
5.337344955251131978e+03 5.358179295816898957e+03
5.357359137152716357e+03 5.374617697499666974e+03
5.366316493153362899e+03 5.387909918164456030e+03
5.386751243010245162e+03 5.400395384865364576e+03
5.392987482744421868e+03 5.410983861360231458e+03
5.398908907357003045e+03 5.428576631531501334e+03
5.412416556526087334e+03 5.432441109936645262e+03
5.408590194314874680e+03 5.441711276883807841e+03
5.414535799787599899e+03 5.456861438251777145e+03
5.433318134464419927e+03 5.474237960146967453e+03
5.449637040618446008e+03 5.489204777534745517e+03
5.473192063520270494e+03 5.503739197276776395e+03
5.506107531014093183e+03 5.525079698051693413e+03
5.535601383368319148e+03 5.543458318290875468e+03
5.585981505526483488e+03 5.569965195578588464e+03
5.650253879987627442e+03 5.598952762908222212e+03
5.681928160469527938e+03 5.642318908164314053e+03
5.232209020551295907e+03 5.278172397944636032e+03
5.235751280556689380e+03 5.288712109533234980e+03
5.267630297544330460e+03 5.306820653832879543e+03
5.282160918752502766e+03 5.329841729887666588e+03
5.297187549183914598e+03 5.335621264735735167e+03
5.326469124344150259e+03 5.356109997009210929e+03
5.362023600707370861e+03 5.374089393068715253e+03
5.377756200369236467e+03 5.390538700092349245e+03
5.393261543912392881e+03 5.401621674218573389e+03
5.397664825208266848e+03 5.416644438814916612e+03
5.394191558832749251e+03 5.428711376102351096e+03
5.407442655766270036e+03 5.433221158437900158e+03
5.402230551227729848e+03 5.441608979096131407e+03
5.412743239085894857e+03 5.457694868559749011e+03
5.420989786358051788e+03 5.473957401788316020e+03
5.436220303354782118e+03 5.486402140308528942e+03
5.454060690288464684e+03 5.502924230956401516e+03
5.477185228368688513e+03 5.517430858155463284e+03
5.506351290979016994e+03 5.532656634020682759e+03
5.559561662819708545e+03 5.554562347186854822e+03
5.587701896191890228e+03 5.582183674393058027e+03
5.626545120397155188e+03 5.615077809270118451e+03
5.230522564622984646e+03 5.268478633726741464e+03
5.245347681943869247e+03 5.283721642207270634e+03
5.263543350869618735e+03 5.314886668078273942e+03
5.273931431944447468e+03 5.334032103298504808e+03
5.300452047828079230e+03 5.336368378997145555e+03
5.335434743018953668e+03 5.357529563933838290e+03
5.354727914873021291e+03 5.376904473795011654e+03
5.391753276018718680e+03 5.389654178921084167e+03
5.400284837575163692e+03 5.407201284587489681e+03
5.410982703442308775e+03 5.414582599730916627e+03
5.411208896355932666e+03 5.431362069239889024e+03
5.421506864151340778e+03 5.439440218087214816e+03
5.410916761505476643e+03 5.453464113311668370e+03
5.409916454299834186e+03 5.465339266204870910e+03
5.415098612630849857e+03 5.480123274906218285e+03
5.426636030504674636e+03 5.492119602654322080e+03
5.439276928383382256e+03 5.506357447144693651e+03
5.454631168699093905e+03 5.521669014159790095e+03
5.485508655482653012e+03 5.533851125246017546e+03
5.532812022484411500e+03 5.551578828677442289e+03
5.563686060905940394e+03 5.575140554841938865e+03
5.605157001121486246e+03 5.600813950824180210e+03
5.232817422229491058e+03 5.271489201734586459e+03
5.245030765020186664e+03 5.294543506120635357e+03
5.257522265422905548e+03 5.315997339848259799e+03
5.286106694722577231e+03 5.334969171318487497e+03
5.312472819820990480e+03 5.347603964293983154e+03
5.349148423551338055e+03 5.362086012642565038e+03
5.364622072791869869e+03 5.381717515318874575e+03
5.398571731686892235e+03 5.395752142434570487e+03
5.416499883613751081e+03 5.409812937728048382e+03
5.421012691118217845e+03 5.424425856875613135e+03
5.418120460758860645e+03 5.437281170826049674e+03
5.429268716148251769e+03 5.449089054838667835e+03
5.420380332034294042e+03 5.467529944013101158e+03
5.418716729795806714e+03 5.481691687773161902e+03
5.415370106888511145e+03 5.492230993252458575e+03
5.426236882511582735e+03 5.507544909886646565e+03
5.436147233377985685e+03 5.517743964628117283e+03
5.450872397586994339e+03 5.531145651316519434e+03
5.476050260466907275e+03 5.542173958216893880e+03
5.509754500656205892e+03 5.560802091048100920e+03
5.548249074508627928e+03 5.576415504029791009e+03
5.589006046290620361e+03 5.602428816462655959e+03
5.234650322509303805e+03 5.263474680384397288e+03
5.248732897624362522e+03 5.289975104136223308e+03
5.272098527038879183e+03 5.314066126445304690e+03
5.301825908629343758e+03 5.336994533842291276e+03
5.322497963385405455e+03 5.359538633543201286e+03
5.356859451478825576e+03 5.365291051205633266e+03
5.393785486296788804e+03 5.387655767368127272e+03
5.415408475435611763e+03 5.404223161898882609e+03
5.438159644882718567e+03 5.419739512673688296e+03
5.448104613010489629e+03 5.435424425127704126e+03
5.444156923464561260e+03 5.455583615759787790e+03
5.443844654544938749e+03 5.464641317866216923e+03
5.435668900143393330e+03 5.478075498230946323e+03
5.437107517207861747e+03 5.498440656268337079e+03
5.430187080827499813e+03 5.512475191047244152e+03
5.428265848455074774e+03 5.526553669324906878e+03
5.441802735158736141e+03 5.540719847419403777e+03
5.451527140443231474e+03 5.550986177308426704e+03
5.477771556701711233e+03 5.552688724779991389e+03
5.502067559039556727e+03 5.567956051323988504e+03
5.538958319386841140e+03 5.588815289408817989e+03
5.571773100571751456e+03 5.609564682383545005e+03
5.234771859536247575e+03 5.265594563688142443e+03
5.243663659702047880e+03 5.293465624442396802e+03
5.271552191797189153e+03 5.324019957554430221e+03
5.314258864919482221e+03 5.343493814410738196e+03
5.353510439679652336e+03 5.366705525011666396e+03
5.385800603942225280e+03 5.373243831906987907e+03
5.419802717652795764e+03 5.394194247690955308e+03
5.438649310532786330e+03 5.416171360540109163e+03
5.456012537958802568e+03 5.435228715851422749e+03
5.470536963890906009e+03 5.454448581009306508e+03
5.476469547521158347e+03 5.474181193160608927e+03
5.469014198784143446e+03 5.482833630746631570e+03
5.466783216705738596e+03 5.498946119290257229e+03
5.459826918924208258e+03 5.516010275478502990e+03
5.460177383558691872e+03 5.529913347899052496e+03
5.447642087118381824e+03 5.542852551098947515e+03
5.455168987348639348e+03 5.557721377854177263e+03
5.466518690323444389e+03 5.569891813322006783e+03
5.483052652867285360e+03 5.580398028639394397e+03
5.510387041397179019e+03 5.596818095397805337e+03
5.540245130990268080e+03 5.616338984777685255e+03
5.578093851800556877e+03 5.617779016857791248e+03
5.244952617043602004e+03 5.276130417073378339e+03
5.241235709482083621e+03 5.303890484916486457e+03
5.282813252228372221e+03 5.332880309044921887e+03
5.321995979195597101e+03 5.351042672689491155e+03
5.376039536049680464e+03 5.377247381514063818e+03
5.410362401017304364e+03 5.396190550380379136e+03
5.435874619060163241e+03 5.407761649853540803e+03
5.465408537055294801e+03 5.429191154043940514e+03
5.478126845541615694e+03 5.450355193244450675e+03
5.491913216610688323e+03 5.468360666696321459e+03
5.499364107393435006e+03 5.485009468645920606e+03
5.492648601994057572e+03 5.501367166093695232e+03
5.491361406189128502e+03 5.517848454878910161e+03
5.482010732547751104e+03 5.532889355798881297e+03
5.481792081323938874e+03 5.547447910372025945e+03
5.481005685737761269e+03 5.560149037390217927e+03
5.488569926407175444e+03 5.573964399445083473e+03
5.481271917268918514e+03 5.585771529015783017e+03
5.505545253889899868e+03 5.595098710986070728e+03
5.530426603581287054e+03 5.613758339505770891e+03
5.553660632071758300e+03 5.631806626921913448e+03
5.593249688322357542e+03 5.651314779118868501e+03
5.227106116686596579e+03 5.279619832500864504e+03
5.254217839224695126e+03 5.307761763535161663e+03
5.296213356577267405e+03 5.338014217723035472e+03
5.343782307749059328e+03 5.364650731387631822e+03
5.386688636198836321e+03 5.395134778496898434e+03
5.424918523825726879e+03 5.406422987687355999e+03
5.458855473112093023e+03 5.425220690857049703e+03
5.487526302622423827e+03 5.443316580832839463e+03
5.500569301795982028e+03 5.461337251305835707e+03
5.517943495574360895e+03 5.485004081810503521e+03
5.522600412444016911e+03 5.502926319390435310e+03
5.528345252812719991e+03 5.516739820512661936e+03
5.516582889289374179e+03 5.533132145367032535e+03
5.511758251561149336e+03 5.548196911397609256e+03
5.512393514730706556e+03 5.576959443363311948e+03
5.510258826783198856e+03 5.584900748006110007e+03
5.517468509259552775e+03 5.601091265012231815e+03
5.525317817059749359e+03 5.612978615952608379e+03
5.539584282883784908e+03 5.627780658282632430e+03
5.551417199289709970e+03 5.639411009859044498e+03
5.578570488518413185e+03 5.654749098749871337e+03
5.607940940892674917e+03 5.675366638369938300e+03
5.234124455047374795e+03 5.285019895445328075e+03
5.264275206161195456e+03 5.322186450832025002e+03
5.318010961355514155e+03 5.345549191339114259e+03
5.353935409548921598e+03 5.377668695787519027e+03
5.402381599560923860e+03 5.404013624996090584e+03
5.438368823917995542e+03 5.426740491472426584e+03
5.473558422459786016e+03 5.442188161199595925e+03
5.504063089303506786e+03 5.456266196521458369e+03
5.531873250981347155e+03 5.480120015540028362e+03
5.543292610256785338e+03 5.498867867346139064e+03
5.554667410668658704e+03 5.518722342568941713e+03
5.555440314354879774e+03 5.538984804445889495e+03
5.559900436331926358e+03 5.569210769399764104e+03
5.549107937303842846e+03 5.579149041526784458e+03
5.542208831214800739e+03 5.594975817044471114e+03
5.550935262723450251e+03 5.607212868610146870e+03
5.554507096884530256e+03 5.615223867525582136e+03
5.564797443961819226e+03 5.633627195569351898e+03
5.567258677535883180e+03 5.644308559763009725e+03
5.597620868676767714e+03 5.659571568857760212e+03
5.621392564392963322e+03 5.675704655659025775e+03
5.644434399786667200e+03 5.690207015337973644e+03
5.215381156270388601e+03 5.292728871722825716e+03
5.275860634471036974e+03 5.332493761259313032e+03
5.316720878895233909e+03 5.359448587633542047e+03
5.363095001457015314e+03 5.391765858397704505e+03
5.415031684728090113e+03 5.422184929056425972e+03
5.453959287511148432e+03 5.443671801918797428e+03
5.497347432001070047e+03 5.463521716343360822e+03
5.530041359413888131e+03 5.480358196190802119e+03
5.552875446416655905e+03 5.494613569015321445e+03
5.573359714398779943e+03 5.523235214187694510e+03
5.577323973541117994e+03 5.553733098379642797e+03
5.588223940545529331e+03 5.567202211638654262e+03
5.588110774339666023e+03 5.585015360030103693e+03
5.588485082353220605e+03 5.597926035586886428e+03
5.592019998559917440e+03 5.611831210518199441e+03
5.592230615299126839e+03 5.626073494263670000e+03
5.592141662232021190e+03 5.639096018519740028e+03
5.600699351353843667e+03 5.647697535096109277e+03
5.617938185347940816e+03 5.664812590433917649e+03
5.629428329782374931e+03 5.676246653355356102e+03
5.654685485861080451e+03 5.691921595829035141e+03
5.690081196181054111e+03 5.710064798268664163e+03
5.251731334077252541e+03 5.311714869741694201e+03
5.291926306745408510e+03 5.350379141557541516e+03
5.335029277908386575e+03 5.374454006530964762e+03
5.381715563076018952e+03 5.412989516027853824e+03
5.424714488341856850e+03 5.437843704762399284e+03
5.485034550185237094e+03 5.461161502651681076e+03
5.518429423174671683e+03 5.479141905928711822e+03
5.548512913993996335e+03 5.500915347181752622e+03
5.573249600103000375e+03 5.535644930506862693e+03
5.590690052202045990e+03 5.551411772812533854e+03
5.611217917621426750e+03 5.571779140967329113e+03
5.621324917738819750e+03 5.585178358822257906e+03
5.627112374464037202e+03 5.598999515722707656e+03
5.626490308794843259e+03 5.617513778164742689e+03
5.629661503205909867e+03 5.634406140980159762e+03
5.637518801501452799e+03 5.645637867530813310e+03
5.648777953442125181e+03 5.659368673994059463e+03
5.656946290548839897e+03 5.671824417433436793e+03
5.662691512049234007e+03 5.682887719488368020e+03
5.675358835279791492e+03 5.698951068858477811e+03
5.693242302370120342e+03 5.710201272378762951e+03
5.717064695728049628e+03 5.732343191224957991e+03
5.261905700955152497e+03 5.326877837698541043e+03
5.307188767890818781e+03 5.362592983388063658e+03
5.349222833033392817e+03 5.406349843519014030e+03
5.402271558960852417e+03 5.437163894337894817e+03
5.454339065296808258e+03 5.475638628966042234e+03
5.494715069296544243e+03 5.495383736537440200e+03
5.540358531671212404e+03 5.513325454833724507e+03
5.565902721683862183e+03 5.537147656458331767e+03
5.597961795723884279e+03 5.564851095060928856e+03
5.622992928620627936e+03 5.585990092749976611e+03
5.638038691568268405e+03 5.602576379665843888e+03
5.655175933851965965e+03 5.606630551821731387e+03
5.665022924922410311e+03 5.619330674130978878e+03
5.662441901152546961e+03 5.638818726979613530e+03
5.670636241784082813e+03 5.656571374567500243e+03
5.677238794753815455e+03 5.668589864671304895e+03
5.688843575898028575e+03 5.679783005868061082e+03
5.700732198880770738e+03 5.692525943267917683e+03
5.717149345532878215e+03 5.708219044250596198e+03
5.732807420581009865e+03 5.720954486423911476e+03
5.745007562582626633e+03 5.733553901394169770e+03
5.764000293426527605e+03 5.755307071559562246e+03
5.280355512784564780e+03 5.336277200833323150e+03
5.327209594669535363e+03 5.389253249687983043e+03
5.369728090607766717e+03 5.429250848267547553e+03
5.430609407806639865e+03 5.459325954642588840e+03
5.479411274670366765e+03 5.496663274207992799e+03
5.519873452380665185e+03 5.526363142856154809e+03
5.557153341191793515e+03 5.547319577818933794e+03
5.588556921993056676e+03 5.566065408609395490e+03
5.615945428900958177e+03 5.587553528912048932e+03
5.641599801937158190e+03 5.608184179733209021e+03
5.661458429362453899e+03 5.630012735809192236e+03
5.681573592447255578e+03 5.646137649459906243e+03
5.699776338651348851e+03 5.657048662983303984e+03
5.706916507999644637e+03 5.676114668799838000e+03
5.709203701633387027e+03 5.685897387073589016e+03
5.717142775586976313e+03 5.698053691981307566e+03
5.731512052049613885e+03 5.713385388633676484e+03
5.740952927695936523e+03 5.721887547113825349e+03
5.756290272110535625e+03 5.736693431947460340e+03
5.772482188636562569e+03 5.747581496234304723e+03
5.791097545702448770e+03 5.760514960383095058e+03
5.798217566614550378e+03 5.772750356930362614e+03
5.304714352929806410e+03 5.364480558112515610e+03
5.353953945229537567e+03 5.409210089977927964e+03
5.400471484619007242e+03 5.443677560759448170e+03
5.455047507936995316e+03 5.478455373574024634e+03
5.499438449618452069e+03 5.510948173719491024e+03
5.542313081440001042e+03 5.547659366356865576e+03
5.577894515678590324e+03 5.569236327635923772e+03
5.606254658580608520e+03 5.592858225632950052e+03
5.634282034025296525e+03 5.612324014001993419e+03
5.663641119663590871e+03 5.630671274705645374e+03
5.681505284098495395e+03 5.653981674234953971e+03
5.704322826738207368e+03 5.674277510294771673e+03
5.720254787164534719e+03 5.686007799639970472e+03
5.734943624457317128e+03 5.699370710500827045e+03
5.739445010875091612e+03 5.714792666018503951e+03
5.755781114048004383e+03 5.724613298494052287e+03
5.773521237693094008e+03 5.733814499441585212e+03
5.787690485245541822e+03 5.741364039516789489e+03
5.810291043109756174e+03 5.757227927236714095e+03
5.825018169727594795e+03 5.769111543462217924e+03
5.839335890477399516e+03 5.780263781101712993e+03
5.849310187201932422e+03 5.794821139633777420e+03
5.324322781390083037e+03 5.375692223306053165e+03
5.374313768627980608e+03 5.421176068789050987e+03
5.418486113234661389e+03 5.456858908176698606e+03
5.478352972817414411e+03 5.496064738742488771e+03
5.520991700314887566e+03 5.532364136268063703e+03
5.559777696196517354e+03 5.565102465773156837e+03
5.597324501233051706e+03 5.584901090104727700e+03
5.626098391052902116e+03 5.610080877296159088e+03
5.653433798112799195e+03 5.634079341392893184e+03
5.677455636144626624e+03 5.653504564554970784e+03
5.705590455153731455e+03 5.673930423907031582e+03
5.723818800517590716e+03 5.695392516204272397e+03
5.740519471650113701e+03 5.710802092983994953e+03
5.762745621817979554e+03 5.722278071769109374e+03
5.772663657159904687e+03 5.739854642257774685e+03
5.785294802550996792e+03 5.753532864047750991e+03
5.805442386398472081e+03 5.765819785609555765e+03
5.823135233289971438e+03 5.774551743799000178e+03
5.843770009507092254e+03 5.785614105489783469e+03
5.858844503202462874e+03 5.799559797694045301e+03
5.875151661204425181e+03 5.810635453049230819e+03
5.884372225393846747e+03 5.811373212714616784e+03
5.345368700952010840e+03 5.384324967979202484e+03
5.392326860597600898e+03 5.426591523854120169e+03
5.455099439961239113e+03 5.465288383493073525e+03
5.498050933324604557e+03 5.505631188667319293e+03
5.537837627628157861e+03 5.545916885330313562e+03
5.579841189054448478e+03 5.582362266230333262e+03
5.612405212096917239e+03 5.604913963515520663e+03
5.643749617675753143e+03 5.628800439233423276e+03
5.672607198940087073e+03 5.651174230079508561e+03
5.694190631302467409e+03 5.676402221840016864e+03
5.714941956639300770e+03 5.694838829823836932e+03
5.738773745851639433e+03 5.715759796575827750e+03
5.764831279731679388e+03 5.739367206320397599e+03
5.783385247759477352e+03 5.746180665113488431e+03
5.794595350080532626e+03 5.763356790495493442e+03
5.816110980942534297e+03 5.777852822100981939e+03
5.830054299708804137e+03 5.791934400952362921e+03
5.846804265945119369e+03 5.804925058525532222e+03
5.867441815278685681e+03 5.814289205444652907e+03
5.880765083348496773e+03 5.828648414237524776e+03
5.906012502022775152e+03 5.830504116082084693e+03
5.919744674919420504e+03 5.838175216834336425e+03
5.367832651246713795e+03 5.394661478357085798e+03
5.431684170490956603e+03 5.434545701972424467e+03
5.475645741135771459e+03 5.477014166370995554e+03
5.517353255349524261e+03 5.518604254918500374e+03
5.556882065107280141e+03 5.556530941705595069e+03
5.592420166027775849e+03 5.593045951395177326e+03
5.627819044850315549e+03 5.620743041636282214e+03
5.656902832636164931e+03 5.645704086644440395e+03
5.686407164725533221e+03 5.673810730702106412e+03
5.711924162084837917e+03 5.698818070883511609e+03
5.735004467419275898e+03 5.726162707099600993e+03
5.754062148242986950e+03 5.745275794216545364e+03
5.779004649309820707e+03 5.757557084993042736e+03
5.795499688143256208e+03 5.769623859797635305e+03
5.817087072583639383e+03 5.779012098392583539e+03
5.826061553233545965e+03 5.796472571812803835e+03
5.844197386042003018e+03 5.809180622703797781e+03
5.859005339053142961e+03 5.827508527162544851e+03
5.877367103811024208e+03 5.840879935254328302e+03
5.898047012167034154e+03 5.843292562801192616e+03
5.919156258290736332e+03 5.855221423582814168e+03
5.919424413058790378e+03 5.861256011973960995e+03
5.402088453589560231e+03 5.399784641312071471e+03
5.451003403296437682e+03 5.441251088666101168e+03
5.495437583563812950e+03 5.488473459576144705e+03
5.537860109283747079e+03 5.530633768485769906e+03
5.575052013223667018e+03 5.569883302798372824e+03
5.610978440449521258e+03 5.605478421311816419e+03
5.643470543347026251e+03 5.636254027213826703e+03
5.676025551304983310e+03 5.661764301666384199e+03
5.699086117961688615e+03 5.686897794228842940e+03
5.723920279975174708e+03 5.715592483983642524e+03
5.744984048628666642e+03 5.740895657065808336e+03
5.765527241490188317e+03 5.761088257079539289e+03
5.784669405123713659e+03 5.780451702546793058e+03
5.808905005091827661e+03 5.790785656784453749e+03
5.830263764922683549e+03 5.799319612650831914e+03
5.843343761157890185e+03 5.814503071361372349e+03
5.856201846365045640e+03 5.825838827467310693e+03
5.877920492708862184e+03 5.845591402621734233e+03
5.897445881069337702e+03 5.852424280439175163e+03
5.904284611322676938e+03 5.860942952155777675e+03
5.925793257842124149e+03 5.866597950709920042e+03
5.942175355412866338e+03 5.873752808112095408e+03
5.418127491179386197e+03 5.411767980719383559e+03
5.468015245615266394e+03 5.453425496597968959e+03
5.509123477076193922e+03 5.494887329445527939e+03
5.549749905573597061e+03 5.535238888006327215e+03
5.590207277013126259e+03 5.574008502137794494e+03
5.625251210404047015e+03 5.612174417520425777e+03
5.656773213822463731e+03 5.649559259329762426e+03
5.685051704349605643e+03 5.675803617026504980e+03
5.710900601391991586e+03 5.700226028209735887e+03
5.735459394442033954e+03 5.729397206030240341e+03
5.756513547148970247e+03 5.753600000571765122e+03
5.774266792641719803e+03 5.775827051675371877e+03
5.793894357621264135e+03 5.796358051241547400e+03
5.810152684215696354e+03 5.807692999167627931e+03
5.826688463600494288e+03 5.822587799812743469e+03
5.847339680088776731e+03 5.842928342015565249e+03
5.862203604104618535e+03 5.850693845898122163e+03
5.877815516610235136e+03 5.864306364804288933e+03
5.895257794364390065e+03 5.865808642072167459e+03
5.915638259090484098e+03 5.874956411490178652e+03
5.934926204232717282e+03 5.887004375135757073e+03
5.909428023309403216e+03 5.889156729954822367e+03
5.431525934354825949e+03 5.416669468595720900e+03
5.480171408059082751e+03 5.458354921889231264e+03
5.522689511471031437e+03 5.501158475639229437e+03
5.563995892301620188e+03 5.538621828896999432e+03
5.600388849159557140e+03 5.577359543442305949e+03
5.634156676795208114e+03 5.622240778889370631e+03
5.665135658762942512e+03 5.658498652928650699e+03
5.692855818013536918e+03 5.690081600826299109e+03
5.716840150394098600e+03 5.713026288253804523e+03
5.740573518048197002e+03 5.737505294738333760e+03
5.760311822550502256e+03 5.763537223255883873e+03
5.780652406023524236e+03 5.787883107704601571e+03
5.798167257109405909e+03 5.811394554392366445e+03
5.814388620129793708e+03 5.823846329668143881e+03
5.832747420836858510e+03 5.838482730524211547e+03
5.847261429838572440e+03 5.857390712626480308e+03
5.861595547526135306e+03 5.871544848624548649e+03
5.873377848258880476e+03 5.872363741697700789e+03
5.884387924096095958e+03 5.882684713468091104e+03
5.895518692867473874e+03 5.894461846135320229e+03
5.906616214554400358e+03 5.908697989040892026e+03
5.913158298424255918e+03 5.911901127129545785e+03
5.444590862101093080e+03 5.420344752479331873e+03
5.493250971449197095e+03 5.462171984265864012e+03
5.535815198917149246e+03 5.506548078248375532e+03
5.571171309226509038e+03 5.552391062261664047e+03
5.606027512530345120e+03 5.589479240887612832e+03
5.639102832147373192e+03 5.625499643440267391e+03
5.671162379829747806e+03 5.659276387868547317e+03
5.698565154970414369e+03 5.693554571411219513e+03
5.719382678315247176e+03 5.723504712525380455e+03
5.743461570107578154e+03 5.747485996779123525e+03
5.763064434981142767e+03 5.776899123078355842e+03
5.781366320441509743e+03 5.800199282759713242e+03
5.799585186540680297e+03 5.814889944283069781e+03
5.817787680930316128e+03 5.832894157284554240e+03
5.835259848072077148e+03 5.849540466289348842e+03
5.849643677693889913e+03 5.866568771823098359e+03
5.863010102190966791e+03 5.876422627489953811e+03
5.875463739342552799e+03 5.889982083633211005e+03
5.885194903719289869e+03 5.902681557796637208e+03
5.888192175582429627e+03 5.909485113115759304e+03
5.870675486784952227e+03 5.917302889025500917e+03
5.846395842917612754e+03 5.922304126608912156e+03
5.462863384956021036e+03 5.425279833715630957e+03
5.503794606571085751e+03 5.479969661116818315e+03
5.539734157413380672e+03 5.518338862592216174e+03
5.577497329227284354e+03 5.555854935267663677e+03
5.613593541756097693e+03 5.592212883240525116e+03
5.644762684869187069e+03 5.627034212757622299e+03
5.672323252215479442e+03 5.669160356615859200e+03
5.693528054774171324e+03 5.708538136886112625e+03
5.716984439018451667e+03 5.737967114981518534e+03
5.740673707373527577e+03 5.760096482772269155e+03
5.763666944333603169e+03 5.782296979895958430e+03
5.781307004552796570e+03 5.798300987811031519e+03
5.795488517989713728e+03 5.820667994718472983e+03
5.821077889071471873e+03 5.839041322195878820e+03
5.835621190160411061e+03 5.858695917878550972e+03
5.849318493826322083e+03 5.876409375191928120e+03
5.862139251819950005e+03 5.885422519418921183e+03
5.872254625537409083e+03 5.898479881268967802e+03
5.879619745511328802e+03 5.909804593910792391e+03
5.878979331972484943e+03 5.917741050872746200e+03
5.875126769290160155e+03 5.928387175354751889e+03
5.812013026448898017e+03 5.927661850054455499e+03
5.474506602581008337e+03 5.443103431929186627e+03
5.507938811124869972e+03 5.482784572352058603e+03
5.545169674151078652e+03 5.521070152227111976e+03
5.578207026330896042e+03 5.557053380418539746e+03
5.613635592413807899e+03 5.591679241909630946e+03
5.642420794661324180e+03 5.639888804810645524e+03
5.668403564326596097e+03 5.681171050618988374e+03
5.688121429830312991e+03 5.713983447755839734e+03
5.710923901396581641e+03 5.744285632576596981e+03
5.733560058660768846e+03 5.771397019819214620e+03
5.755989885399667401e+03 5.789535569489591580e+03
5.776593569541306351e+03 5.804151221284262647e+03
5.793149851598274836e+03 5.823776045061382320e+03
5.815134537882389850e+03 5.846202781463111023e+03
5.840343257930973778e+03 5.862697233287210111e+03
5.852159385264938464e+03 5.879369329210579963e+03
5.864229836944228737e+03 5.892794703174411552e+03
5.873359245869818551e+03 5.904964725546544287e+03
5.880231817598875750e+03 5.916050719830200251e+03
5.881017453988388297e+03 5.926254662666015065e+03
5.877640395048365463e+03 5.933436782029528331e+03
5.830645775220356882e+03 5.941133580327899836e+03
